001000030000000000000017820780000000000306144766600000000023341000005000000000490172
001000030000000000000000321480000000000200594534090000000017355000005000000000364463
001000060000000000000003897080000000000306670765160000000029475000004000000000309496
001000060000000000000003897080000000000306670765160000000065126000005000000001367660
001000020000000000000013028980000000000305023098930000000028221000005000000000592661
001000020000000000000013028880000000000305023098930000000028221000005000000000592661
001000020000000000000013028780000000000305023098930000000028221000005000000000592661
001000020000000000000013028680000000000305023098930000000028221000005000000000592661
001000020000000000000013028580000000000305023098930000000028221000005000000000592661
001000020000000000000013028480000000000305023098930000000028221000005000000000592661
001000020000000000000013028380000000000305023098930000000028221000005000000000592661
001000020000000000000013028280000000000305023098930000000028221000005000000000592661
001000020000000000000013028180000000000305023098930000000028221000005000000000592661
001000020000000000000013028080000000000305023098930000000028221000005000000000592661
001000020000000000000013027980000000000305023098930000000028221000005000000000592661
001000020000000000000013027880000000000305023098930000000028221000005000000000592661
001000020000000000000013027780000000000305023098930000000028221000005000000000592661
001000020000000000000013027680000000000305023098930000000028221000005000000000592661
001000020000000000000013027580000000000305023098930000000028221000005000000000592661
001000020000000000000013027480000000000305023098930000000028221000005000000000592661
001000020000000000000013027380000000000305023098930000000028221000005000000000592661
001000020000000000000013027280000000000305023098930000000028221000005000000000592661
001000020000000000000013027180000000000305023098930000000028221000005000000000592661
001000020000000000000013027080000000000305023098930000000028221000005000000000592661
001000020000000000000013026980000000000305023098930000000028221000005000000000592661
001000090000000000000012332980000000000336825712390000000027557000005000000000578707
001000090000000000000012332880000000000336825712390000000027363000005000000000574637
001000090000000000000012332780000000000336825712390000000027540000005000000000578349
001000090000000000000012332680000000000336825712390000000026999000005000000000566984
001000090000000000000012332580000000000336825712390000000027391000005000000000575216
001000090000000000000012332480000000000336825712390000000027937000005000000000586681
001000090000000000000012332380000000000336825712390000000027051000005000000000568087
001000090000000000000012332280000000000336825712390000000027437000005000000000576192
001000090000000000000012332180000000000336825712390000000027503000005000000000577581
001000090000000000000012332080000000000336825712390000000027375000005000000000574879
001000090000000000000012331980000000000336825712390000000027336000005000000000574067
001000090000000000000012331880000000000336825712390000000027520000005000000000577940
001000090000000000000012331780000000000336825712390000000027792000005000000000583632
001000090000000000000012331680000000000336825712390000000027385000005000000000575088
001000090000000000000012331580000000000336825712390000000027441000005000000000576276
001000090000000000000012331480000000000336825712390000000027052000005000000000568096
001000090000000000000012331380000000000336825712390000000027638000005000000000580413
001000090000000000000012331280000000000336825712390000000026024000005000000000546521
001000090000000000000012331180000000000336825712390000000027778000005000000000583351
001000090000000000000012331080000000000336825712390000000026835000005000000000563535
001000090000000000000012330980000000000336825712390000000028105000005000000000590205
001000090000000000000012330880000000000336825712390000000027520000005000000000577940
001000090000000000000012330780000000000336825712390000000027329000005000000000573909
001000040000000000000013823380000000000306181414340000000028016000005000000000588347
001000040000000000000013823280000000000306181414340000000028834000005000000000605523
001000040000000000000013823180000000000306181414340000000028467000005000000000597817
001000040000000000000013823080000000000306181414340000000028065000005000000000589375
001000040000000000000013822980000000000306181414340000000028117000005000000000590465
001000040000000000000013822880000000000306181414340000000028356000005000000000595496
001000040000000000000013822780000000000306181414340000000029050000005000000000610058
001000040000000000000013822680000000000306181414340000000028465000005000000000597785
001000040000000000000013822580000000000306181414340000000028925000005000000000607438
001000010000000000000013270780000000000337090959490000000027810000005000000000584026
001000010000000000000013270680000000000337090959490000000028401000005000000000596423
001000010000000000000013270580000000000337090959490000000028024000005000000000588515
001000010000000000000013270480000000000337090959490000000028594000005000000000600478
001000010000000000000013270380000000000337090959490000000028878000005000000000606440
001000010000000000000013270280000000000337090959490000000028952000005000000000608010
001000010000000000000013270180000000000337090959490000000028072000005000000000589512
001000010000000000000013270080000000000337090959490000000028594000005000000000600478
001000010000000000000013269980000000000337090959490000000028878000005000000000606440
001000010000000000000013269880000000000337090959490000000027722000005000000000582165
001000010000000000000013269780000000000337090959490000000028095000005000000000590010
001000010000000000000013269680000000000337090959490000000027094000005000000000568987
001000010000000000000013269580000000000337090959490000000028147000005000000000591101
001000090000000000000012330680000000000336825712390000000027190000005000000000570992
001000090000000000000012330580000000000336825712390000000027805000005000000000583907
001000090000000000000012330480000000000336825712390000000027200000005000000000571200
001000090000000000000012330380000000000336825712390000000027069000005000000000568458
001000090000000000000012330280000000000336825712390000000027685000005000000000581405
001000090000000000000012330180000000000336825712390000000027912000005000000000586153
001000090000000000000012330080000000000336825712390000000028374000005000000000595857
001000090000000000000012329980000000000336825712390000000026907000005000000000565058
001000090000000000000012329880000000000336825712390000000026596000005000000000558520
001000090000000000000012329780000000000336825712390000000027089000005000000000568883
001000090000000000000012329680000000000336825712390000000028202000005000000000592252
001000090000000000000012329580000000000336825712390000000027587000005000000000579346
001000090000000000000012329480000000000336825712390000000013817000005000000000290157
001000090000000000000012329380000000000336825712390000000027262000005000000000572519
001000090000000000000012329280000000000336825712390000000026697000005000000000560650
001000090000000000000012329180000000000336825712390000000027361000005000000000574596
001000090000000000000012329080000000000336825712390000000027186000005000000000570922
001000090000000000000012328980000000000336825712390000000027366000005000000000574700
001000090000000000000012328880000000000336825712390000000027297000005000000000573248
001000010000000000000013329280000000000306864893250000000028867000005000000000606223
001000010000000000000013329180000000000306864893250000000028851000005000000000605876
001000010000000000000013329080000000000306864893250000000028851000005000000000605876
001000010000000000000013269480000000000337090959490000000027709000005000000000581901
001000010000000000000013269380000000000337090959490000000028134000005000000000590822
001000010000000000000013269280000000000337090959490000000027038000005000000000567810
001000010000000000000013269180000000000337090959490000000028578000005000000000600157
001000010000000000000013269080000000000337090959490000000027689000005000000000581475
001000010000000000000013268980000000000337090959490000000027825000005000000000584333
001000010000000000000013268880000000000337090959490000000028415000005000000000596717
001000010000000000000013268780000000000337090959490000000028250000005000000000593263
001000010000000000000013268680000000000337090959490000000027658000005000000000580836
001000010000000000000013268580000000000337090959490000000027703000005000000000581783
001000010000000000000013268480000000000337090959490000000028405000005000000000596516
001000010000000000000013268380000000000337090959490000000028616000005000000000600937
001000010000000000000013268280000000000337090959490000000027779000005000000000583375
001000010000000000000013268180000000000337090959490000000028680000005000000000602291
001000010000000000000013268080000000000337090959490000000028521000005000000000598948
001000010000000000000013267980000000000337090959490000000027970000005000000000587382
001000010000000000000013267880000000000337090959490000000028452000005000000000597512
001000010000000000000013267780000000000337090959490000000028538000005000000000599304
001000010000000000000013267680000000000337090959490000000027741000005000000000582568
001000010000000000000013267580000000000337090959490000000027678000005000000000581241
001000010000000000000013267480000000000337090959490000000027494000005000000000577387
001000010000000000000013267380000000000337090959490000000026007000005000000000546156
001000010000000000000013328980000000000306864893250000000028851000005000000000605876
001000010000000000000013328880000000000306864893250000000028851000005000000000605876
001000010000000000000013328780000000000306864893250000000028851000005000000000605876
001000010000000000000013328680000000000306864893250000000028851000005000000000605876
001000010000000000000013328580000000000306864893250000000028851000005000000000605876
001000010000000000000013328480000000000306864893250000000028851000005000000000605876
001000010000000000000013328380000000000306864893250000000028851000005000000000605876
001000010000000000000013328280000000000306864893250000000028851000005000000000605876
001000010000000000000013328180000000000306864893250000000028851000005000000000605876
001000010000000000000013328080000000000306864893250000000028851000005000000000605876
001000010000000000000013327980000000000306864893250000000028851000005000000000605876
001000010000000000000013327880000000000306864893250000000028851000005000000000605876
001000010000000000000013327780000000000306864893250000000028851000005000000000605876
001000010000000000000013327680000000000306864893250000000028851000005000000000605876
001000010000000000000013327580000000000306864893250000000028851000005000000000605876
001000010000000000000013327480000000000306864893250000000028851000005000000000605876
001000010000000000000013327380000000000306864893250000000028851000005000000000605876
001000010000000000000013327280000000000306864893250000000028851000005000000000605876
001000010000000000000013327180000000000306864893250000000028851000005000000000605876
001000010000000000000013327080000000000306864893250000000028851000005000000000605876
001000010000000000000013326980000000000306864893250000000028851000005000000000605876
001000010000000000000013326880000000000306864893250000000028851000005000000000605876
001000010000000000000013267280000000000337090959490000000028813000005000000000605080
001000010000000000000013267180000000000337090959490000000028274000005000000000593767
001000010000000000000013267080000000000337090959490000000028024000005000000000588515
001000010000000000000013266980000000000337090959490000000028816000005000000000605150
001000010000000000000013266880000000000337090959490000000028834000005000000000605533
001000010000000000000013266780000000000337090959490000000027888000005000000000585666
001000030000000000000018982980000000000306144766600000000027631000005000000000580262
001000030000000000000018982880000000000306144766600000000028532000005000000000599183
001000030000000000000018982780000000000306144766600000000028222000005000000000592676
001000030000000000000018982680000000000306144766600000000028562000005000000000599813
001000030000000000000018982580000000000306144766600000000028399000005000000000596391
001000030000000000000018982480000000000306144766600000000027525000005000000000578037
001000030000000000000018982380000000000306144766600000000027502000005000000000577546
001000030000000000000018982280000000000306144766600000000028116000005000000000590439
001000030000000000000018982180000000000306144766600000000028548000005000000000599517
001000030000000000000018982080000000000306144766600000000027725000005000000000582243
001000030000000000000018981980000000000306144766600000000028274000005000000000593760
001000030000000000000018981880000000000306144766600000000028144000005000000000591031
001000030000000000000018981780000000000306144766600000000028259000005000000000593451
001000030000000000000018981680000000000306144766600000000027061000005000000000568290
001000030000000000000018981580000000000306144766600000000027120000005000000000569540
001000010000000000000013326780000000000306864893250000000028851000005000000000605876
001000010000000000000013326680000000000306864893250000000028851000005000000000605876
001000010000000000000013326580000000000306864893250000000028851000005000000000605876
001000010000000000000013326480000000000306864893250000000028851000005000000000605876
001000010000000000000013326380000000000306864893250000000028851000005000000000605876
001000010000000000000013326280000000000306864893250000000028851000005000000000605876
001000010000000000000013326180000000000306864893250000000028851000005000000000605876
001000010000000000000013326080000000000306864893250000000028851000005000000000605876
001000010000000000000013325980000000000306864893250000000028851000005000000000605876
001000010000000000000013325880000000000306864893250000000028851000005000000000605876
001000010000000000000013325780000000000306864893250000000028851000005000000000605876
001000010000000000000013325680000000000306864893250000000028851000005000000000605876
001000010000000000000013325580000000000306864893250000000028851000005000000000605876
001000010000000000000015627380000000000306631168740000000027560000005000000000578775
001000010000000000000015627280000000000306631168740000000026889000005000000000564673
001000010000000000000015627180000000000306631168740000000027432000005000000000576072
001000010000000000000015627080000000000306631168740000000027659000005000000000580840
001000010000000000000015626980000000000306631168740000000028712000005000000000602959
001000010000000000000015626880000000000306631168740000000028717000005000000000603066
001000010000000000000015626780000000000306631168740000000027485000005000000000577187
001000010000000000000015626680000000000306631168740000000027611000005000000000579844
001000010000000000000015626580000000000306631168740000000026054000005000000000547141
001000030000000000000018981480000000000306144766600000000028295000005000000000594208
001000030000000000000018981380000000000306144766600000000027447000005000000000576390
001000030000000000000018981280000000000306144766600000000028666000005000000000601990
001000030000000000000018981180000000000306144766600000000023961000005000000000503198
001000030000000000000018981080000000000306144766600000000028648000005000000000601621
001000030000000000000018980980000000000306144766600000000028992000005000000000608839
001000030000000000000018980880000000000306144766600000000028722000005000000000603163
001000030000000000000018980780000000000306144766600000000027970000005000000000587376
001000030000000000000018980680000000000306144766600000000028245000005000000000593160
001000030000000000000018980580000000000306144766600000000027197000005000000000571145
001000030000000000000018980480000000000306144766600000000028722000005000000000603163
001000030000000000000018980380000000000306144766600000000027374000005000000000574865
001000030000000000000018980280000000000306144766600000000028889000005000000000606689
001000030000000000000018980180000000000306144766600000000027129000005000000000569728
001000030000000000000018980080000000000306144766600000000028930000005000000000607548
001000030000000000000018979980000000000306144766600000000028793000005000000000604668
001000030000000000000018979880000000000306144766600000000027836000005000000000584573
001000030000000000000018979780000000000306144766600000000027711000005000000000581934
001000030000000000000018979680000000000306144766600000000028674000005000000000602156
001000030000000000000018979580000000000306144766600000000028305000005000000000594409
001000030000000000000018979480000000000306144766600000000028499000005000000000598487
001000030000000000000018979380000000000306144766600000000028724000005000000000603212
001000150000000000000000283080000000000337143557890000000049090000005000000001030909
001000030000000000000006789680000000000305867539120000000008868000005000000000186241
001000090000000000000000226880000000000305620331610000000040229000005000000000844815
001000030000000000000000036380000000000307119521320000000081818000005000000001718182
001000090000000000000000238780000000000305620331610000000127217000005000000002671560
001000060000000000000000176780000000000307119521320000000154545000005000000003245455
001000090000000000000000240680000000000305620331610000000082819000005000000001739215
001000060000000000000000575880000000000202571595910000000169453000005000000003558526
001000430000000000000000110180000000000305278477410000000384864000005000000008082154
001001670000000000000003709980000000000306650743540000000026769000005000000000562161
001001610000000000000001262080000000000306650743540000000022212000005000000000466459
001000130000000000000000217180000000000201202813570000000017851000005000000000374876
001000120000000000000000474680000000000201202813570000000013223000005000000000277686
001000010000000000000000372880000000000337123899290000000061570000005000000001292975
001000070000000000000001618080000000000306670765160000000010310000005000000000216526
001000050000000000000000262980000000000202845022730000000001239000005000000000026033
001000030000000000000000095380000000000272774187680000000132975000005000000002792479
001024660000000000000060650080000000000306788143570000000002059000005000000000043239
001024660000000000000060650080000000000306788143570000000013485000003000000000364095
001024660000000000000060660380000000000306788143570000000031465000003000000000849555
001000010000000000000015626480000000000306631168740000000028836000005000000000605566
001000010000000000000015626380000000000306631168740000000027648000005000000000580613
001000010000000000000015626280000000000306631168740000000027913000005000000000586192
001000010000000000000015626180000000000306631168740000000028301000005000000000594321
001000010000000000000015626080000000000306631168740000000028779000005000000000604370
001000010000000000000015625980000000000306631168740000000027899000005000000000585885
001000010000000000000015625880000000000306631168740000000027115000005000000000569424
001000010000000000000015625780000000000306631168740000000028671000005000000000602100
001000010000000000000015625680000000000306631168740000000028029000005000000000588629
001000010000000000000015625580000000000306631168740000000027741000005000000000582574
001000010000000000000015625480000000000306631168740000000027330000005000000000573933
001000010000000000000015625380000000000306631168740000000027443000005000000000576308
001000010000000000000015625280000000000306631168740000000028792000005000000000604637
001000010000000000000015625180000000000306631168740000000028835000005000000000605552
001000010000000000000015625080000000000306631168740000000027666000005000000000581004
001000010000000000000015624980000000000306631168740000000028214000005000000000592512
001000010000000000000015624880000000000306631168740000000028598000005000000000600569
001000010000000000000015624780000000000306631168740000000027539000005000000000578320
001000010000000000000015624680000000000306631168740000000027524000005000000000578020
001000010000000000000015624580000000000306631168740000000027838000005000000000584617
001000010000000000000015624480000000000306631168740000000027925000005000000000586439
001000010000000000000015624380000000000306631168740000000027432000005000000000576075
001000030000000000000018979280000000000306144766600000000028392000005000000000596247
001000030000000000000018979180000000000306144766600000000027394000005000000000575277
001000030000000000000018979080000000000306144766600000000028157000005000000000591312
001000030000000000000018978980000000000306144766600000000027094000005000000000568987
001000030000000000000018978880000000000306144766600000000028614000005000000000600914
001000030000000000000018978780000000000306144766600000000027111000005000000000569339
001000010000000000000012434180000000000271384307020000000028973000005000000000608435
001000010000000000000012434080000000000271384307020000000028709000005000000000602908
001000010000000000000012433980000000000271384307020000000028877000005000000000606419
001000010000000000000012433880000000000271384307020000000028457000005000000000597615
001000010000000000000012433780000000000271384307020000000028759000005000000000603954
001000010000000000000012433680000000000271384307020000000028819000005000000000605220
001000010000000000000012433580000000000271384307020000000028653000005000000000601727
001000010000000000000012433480000000000271384307020000000027256000005000000000572378
001000010000000000000012433380000000000271384307020000000028967000005000000000608322
001000010000000000000012433280000000000271384307020000000028871000005000000000606302
001000010000000000000012433180000000000271384307020000000028267000005000000000593610
001000010000000000000012433080000000000271384307020000000028245000005000000000593163
001000010000000000000012432980000000000271384307020000000028226000005000000000592764
001000010000000000000012432880000000000271384307020000000028904000005000000000606989
001000010000000000000012432780000000000271384307020000000028695000005000000000602614
001000010000000000000012432680000000000271384307020000000028900000005000000000606909
001032320000000000000020857480000000000306630058430000000004704000004000000000049393
001032320000000000000020857480000000000306630058430000000338580000005000000007110197
001000010000000000000015624280000000000306631168740000000027974000005000000000587469
001000010000000000000015624180000000000306631168740000000028260000005000000000593480
001000010000000000000015624080000000000306631168740000000028121000005000000000590554
001000010000000000000015623980000000000306631168740000000027272000005000000000572728
001000010000000000000015623880000000000306631168740000000028862000005000000000606107
001000010000000000000015623780000000000306631168740000000028459000005000000000597655
001000010000000000000015623680000000000306631168740000000028121000005000000000590554
001000010000000000000015623580000000000306631168740000000027429000005000000000576012
001000010000000000000015623480000000000306631168740000000027378000005000000000574951
001000010000000000000015623380000000000306631168740000000027591000005000000000579417
001000010000000000000015623280000000000306631168740000000027400000005000000000575420
001000010000000000000012432580000000000271384307020000000028897000005000000000606843
001000010000000000000012432480000000000271384307020000000028218000005000000000592596
001000010000000000000012432380000000000271384307020000000028881000005000000000606506
001000010000000000000012432280000000000271384307020000000028925000005000000000607441
001000010000000000000012432180000000000271384307020000000028471000005000000000597891
001000010000000000000012432080000000000271384307020000000028849000005000000000605841
001000010000000000000012431980000000000271384307020000000028694000005000000000602578
001000010000000000000012431880000000000271384307020000000028047000005000000000589000
001000010000000000000012431780000000000271384307020000000028413000005000000000596676
001000010000000000000012431680000000000271384307020000000028707000005000000000602847
001000010000000000000012431580000000000271384307020000000028915000005000000000607232
001000010000000000000012431480000000000271384307020000000028779000005000000000604363
001000010000000000000012431380000000000271384307020000000028937000005000000000607680
001000010000000000000012431280000000000271384307020000000028816000005000000000605140
001000010000000000000012431180000000000271384307020000000028864000005000000000606153
001000010000000000000012431080000000000271384307020000000028862000005000000000606112
001000010000000000000012430980000000000271384307020000000028881000005000000000606501
001000010000000000000012430880000000000271384307020000000028734000005000000000603421
001000010000000000000012430780000000000271384307020000000028895000005000000000606806
001000010000000000000012430680000000000271384307020000000028126000005000000000590649
001000010000000000000012430580000000000271384307020000000028580000005000000000600186
001000010000000000000012430480000000000271384307020000000028583000005000000000600252
001000030000000000000006808080000000000305867539120000000001110000005000000000023317
001000010000000000000012430380000000000271384307020000000028610000005000000000600821
001000010000000000000012430280000000000271384307020000000027509000005000000000577698
001000010000000000000012430180000000000271384307020000000028991000005000000000608827
001000010000000000000012430080000000000271384307020000000028966000005000000000608295
001000010000000000000012429980000000000271384307020000000028665000005000000000601974
001000010000000000000012429880000000000271384307020000000028505000005000000000598607
001000370000000000000000062380000000000307102387620000000005878000004000000000061725
001000370000000000000000062380000000000307102387620000000013325000005000000000279845
001000380000000000000000082280000000000307102387620000000002365000004000000000024835
001000380000000000000000082280000000000307102387620000000003736000005000000000078473
001000450000000000000000122380000000000307102387620000000016203000004000000000170133
001000450000000000000000122380000000000307102387620000000008618000005000000000180982
001000380000000000000000082180000000000307102387620000000007363000004000000000077315
001000380000000000000000082180000000000307102387620000000016842000005000000000353691
001000380000000000000000082080000000000307102387620000000009555000004000000000100337
001000380000000000000000082080000000000307102387620000000015124000005000000000317613
001000380000000000000000083680000000000307102387620000000006036000004000000000063381
001000380000000000000000083680000000000307102387620000000006040000005000000000126855
001000450000000000000000120780000000000307102387620000000023699000004000000000248844
001000450000000000000000120780000000000307102387620000000039439000005000000000828236
001000450000000000000000123080000000000307102387620000000014985000004000000000157348
001000450000000000000000123080000000000307102387620000000009639000005000000000202426
001000450000000000000000123180000000000307102387620000000002002000004000000000021024
001000450000000000000000123180000000000307102387620000000018278000005000000000383838
001000030000000000000006805780000000000305867539120000000017198000005000000000361161
001000030000000000000001126080000000000307150641770000000066865000005000000001404177
001000040000000000000002271080000000000305867539120000000010067000005000000000211424
001000030000000000000006791880000000000305867539120000000014235000005000000000298944
001000160000000000000001094080000000000336670648190000000085024000005000000001785511
001000040000000000000013826080000000000306181414340000000028376000005000000000595914
001000040000000000000013825980000000000306181414340000000027507000005000000000577652
001000040000000000000013825880000000000306181414340000000027522000005000000000577969
001000040000000000000013825780000000000306181414340000000028925000005000000000607438
001000040000000000000013825680000000000306181414340000000028975000005000000000608492
001000010000000000000001234880000000000201017717500000000019024000005000000000399521
001000070000000000000000271180000000000305622972900000000046274000005000000000971765
001000070000000000000000266880000000000305622972900000000047791000005000000001003611
001000010000000000000001211780000000000201017717500000000008099000005000000000170083
001000010000000000000001218880000000000201017717500000000006280000005000000000131901
001000010000000000000000668480000000000307174547380000000015051000005000000000316079
001000100000000000000000551480000000000307099225010000000192454000005000000004041546
001000020000000000000000055180000000000307171029980000000095000000005000000001995000
001000030000000000000000366480000000000307144483110000000243030000005000000005103631
001000020000000000000002378880000000000337113518390000000009000000005000000000189000
001000030000000000000006795580000000000305867539120000000157421000005000000003305848
001000030000000000000006806580000000000305867539120000000003527000005000000000074073
001000030000000000000001126280000000000307150641770000000054254000005000000001139350
001000040000000000000000051580000000000202571534020000000023804000005000000000499895
001000070000000000000000277880000000000305622972900000000063566000005000000001334887
001000040000000000000000017480000000000307179743750000000156064000005000000003277358
001000020000000000000000111880000000000202295485070000000039500000005000000000829500
001000030000000000000006791680000000000305867539120000000002582000005000000000054243
001000010000000000000000858380000000000337160259990000000008536000005000000000179264
001000160000000000000001089780000000000336670648190000000204873000005000000004302342
001000060000000000000001980180000000000305787193650000000022393000005000000000470254
001000020000000000000013030380000000000305023098930000000028221000005000000000592661
001000020000000000000013030280000000000305023098930000000028221000005000000000592661
001000020000000000000013030180000000000305023098930000000028221000005000000000592661
001000020000000000000013030080000000000305023098930000000028221000005000000000592661
001000020000000000000013029980000000000305023098930000000028221000005000000000592661
001000020000000000000013029880000000000305023098930000000028221000005000000000592661
001000020000000000000013029780000000000305023098930000000028221000005000000000592661
001000020000000000000013029680000000000305023098930000000028221000005000000000592661
001000020000000000000013029580000000000305023098930000000028221000005000000000592661
001000020000000000000013029480000000000305023098930000000028221000005000000000592661
001000020000000000000013029380000000000305023098930000000028221000005000000000592661
001000020000000000000013029280000000000305023098930000000028221000005000000000592661
001000020000000000000013029180000000000305023098930000000028221000005000000000592661
001000020000000000000013029080000000000305023098930000000028221000005000000000592661
001000040000000000000013825580000000000306181414340000000027035000005000000000567748
001000040000000000000013825480000000000306181414340000000028827000005000000000605374
001000040000000000000013825380000000000306181414340000000028863000005000000000606129
001000040000000000000013825280000000000306181414340000000028966000005000000000608305
001000040000000000000013825180000000000306181414340000000027487000005000000000577246
001000040000000000000013825080000000000306181414340000000027950000005000000000586955
001000040000000000000013824980000000000306181414340000000028239000005000000000593033
001000040000000000000013824880000000000306181414340000000028380000005000000000595983
001000040000000000000013824780000000000306181414340000000028811000005000000000605051
001000040000000000000013824680000000000306181414340000000028786000005000000000604522
001000040000000000000013824580000000000306181414340000000028685000005000000000602405
001000040000000000000013824480000000000306181414340000000028668000005000000000602035
001000040000000000000013824380000000000306181414340000000027625000005000000000580131
001000040000000000000013824280000000000306181414340000000028841000005000000000605675
001000040000000000000013824180000000000306181414340000000028712000005000000000602960
001000040000000000000013824080000000000306181414340000000028556000005000000000599680
001000040000000000000013823980000000000306181414340000000028810000005000000000605021
001000040000000000000013823880000000000306181414340000000028745000005000000000603655
001000040000000000000013823780000000000306181414340000000025261000005000000000530495
001000040000000000000013823680000000000306181414340000000028894000005000000000606781
001000040000000000000013823580000000000306181414340000000028711000005000000000602940
001000040000000000000013823480000000000306181414340000000028685000005000000000602405
001000230000000000000000987780000000000307102387620000000000100000004000000000001050
