001000370000000000000000039180000000000307102387620000000000124000004000000000001303
001000370000000000000000039180000000000307102387620000000003564000005000000000074850
001000250000000000000000406480000000000305202313460000000006612000005000000000138862
001000090000000000000000224480000000000305620331610000000030124000005000000000632608
001000050000000000000000389480000000000202877012850000000028347000005000000000595289
001000040000000000000000016480000000000307179743750000000013523000005000000000284000
001000040000000000000000155680000000000202864528420000000083287000005000000001749040
001020000000000000000000132480000000000202755037040000000064297000005000000001350248
001032320000000000000020544380000000000306630058430000000000237000004000000000002493
001032320000000000000020544380000000000306630058430000000133502000005000000002803542
001000030000000000000000121180000000000307168871260000000009421000005000000000197851
001000050000000000000000017380000000000230467679690000000011322000005000000000237762
001000020000000000000000066580000000000307177831890000000114000000005000000002394000
001000040000000000000000030880000000000273282259430000000021589000005000000000453374
001063600000000000000000001680000000000337076750690000000012305000005000000000258422
001000050000000000000000037480000000000230468822290000000039669000005000000000833058
001000640000000000000000083680000000000307152098330000000029537000005000000000620281
001000370000000000000000063780000000000307102387620000000011053000004000000000116061
001000370000000000000000063780000000000307102387620000000002591000005000000000054419
001000460000000000000000074580000000000307102387620000000003979000004000000000041786
001000460000000000000000074580000000000307102387620000000017148000005000000000360115
001000460000000000000000074480000000000307102387620000000009186000004000000000096460
001000460000000000000000074480000000000307102387620000000013922000005000000000292364
001000380000000000000000081180000000000307102387620000000017231000004000000000180933
001000380000000000000000081180000000000307102387620000000002923000005000000000061393
001000380000000000000000081080000000000307102387620000000001852000004000000000019450
001000380000000000000000081080000000000307102387620000000022279000005000000000467860
001000380000000000000000080980000000000307102387620000000008065000004000000000084688
001000380000000000000000080980000000000307102387620000000014949000005000000000313947
001000380000000000000000081680000000000307102387620000000002354000004000000000024727
001000380000000000000000081680000000000307102387620000000004401000005000000000092424
001000370000000000000000062880000000000307102387620000000006131000004000000000064379
001000370000000000000000062880000000000307102387620000000013619000005000000000286017
001000380000000000000000079780000000000307102387620000000001198000004000000000012581
001000380000000000000000079780000000000307102387620000000009070000005000000000190471
001000380000000000000000079380000000000307102387620000000005403000004000000000056740
001000380000000000000000079380000000000307102387620000000015332000005000000000321981
001000460000000000000000073580000000000307102387620000000007768000004000000000081571
001000460000000000000000073480000000000307102387620000000031395000004000000000329651
001000460000000000000000073380000000000307102387620000000011644000004000000000122269
001000460000000000000000073380000000000307102387620000000014967000005000000000314328
001000460000000000000000075780000000000307102387620000000012529000004000000000131562
001000460000000000000000075780000000000307102387620000000039035000005000000000819755
001000450000000000000000119580000000000307102387620000000012237000004000000000128497
001000450000000000000000119580000000000307102387620000000011735000005000000000246449
001000450000000000000000119380000000000307102387620000000024146000005000000000507077
001000450000000000000000119480000000000307102387620000000003451000004000000000036245
001000450000000000000000119480000000000307102387620000000021241000005000000000446063
001000450000000000000000119680000000000307102387620000000025246000004000000000265091
001000020000000000000012987080000000000305023098930000000028450000005000000000597460
001000020000000000000012936980000000000305023098930000000028450000005000000000597459
001000020000000000000012936880000000000305023098930000000028450000005000000000597459
001000020000000000000012936780000000000305023098930000000028450000005000000000597459
001000020000000000000012936680000000000305023098930000000028450000005000000000597459
001000020000000000000012936580000000000305023098930000000028450000005000000000597459
001000020000000000000012936480000000000305023098930000000028450000005000000000597459
001000020000000000000012936380000000000305023098930000000028450000005000000000597459
001000020000000000000012936280000000000305023098930000000028450000005000000000597459
001000090000000000000012291880000000000336825712390000000027540000005000000000578349
001000090000000000000012291780000000000336825712390000000027051000005000000000568087
001000090000000000000012291680000000000336825712390000000027336000005000000000574067
001000090000000000000012291580000000000336825712390000000027441000005000000000576276
001000090000000000000012291480000000000336825712390000000027778000005000000000583351
001000090000000000000012291380000000000336825712390000000027329000005000000000573909
001000090000000000000012291280000000000336825712390000000026889000005000000000564682
001000090000000000000012291180000000000336825712390000000026907000005000000000565058
001000090000000000000012291080000000000336825712390000000027587000005000000000579346
001000090000000000000012290980000000000336825712390000000027361000005000000000574596
001000090000000000000012290880000000000336825712390000000027584000005000000000579264
001000090000000000000012290780000000000336825712390000000027511000005000000000577750
001000090000000000000012290680000000000336825712390000000027591000005000000000579422
001000090000000000000012290580000000000336825712390000000027792000005000000000583632
001000090000000000000012290480000000000336825712390000000027697000005000000000581644
001000090000000000000012290380000000000336825712390000000028337000005000000000595090
001000090000000000000012290280000000000336825712390000000028029000005000000000588626
001000090000000000000012290180000000000336825712390000000027742000005000000000582583
001000090000000000000012290080000000000336825712390000000027539000005000000000578339
001000090000000000000012289980000000000336825712390000000026918000005000000000565294
001000180000000000000009062180000000000202450574240000000132066000005000000002773386
001000020000000000000002357680000000000337113518390000000005800000005000000000121800
001000030000000000000000354780000000000307144483110000000036668000005000000000770036
001000020000000000000000145380000000000203928521590000000045764000005000000000961044
001000040000000000000000045580000000000202571534020000000017082000005000000000358722
001000030000000000000006776480000000000305867539120000000003747000005000000000078700
001000040000000000000004249680000000000307087104540000000066275000005000000001391782
001000010000000000000001174280000000000201017717500000000007487000005000000000157240
001000160000000000000001078780000000000336670648190000000199172000005000000004182615
001000160000000000000001084480000000000336670648190000000238392000005000000005006237
001000030000000000000006783180000000000305867539120000000012959000005000000000272140
001000070000000000000000252580000000000305622972900000000061271000005000000001286709
001000010000000000000000848880000000000337160259990000000045855000005000000000962959
001000070000000000000000261280000000000305622972900000000039837000005000000000836592
001000020000000000000000080080000000000307177670190000001447963000004000000015203620
001000020000000000000000080080000000000307177670190000000012066000005000000000253388
001000020000000000000012936180000000000305023098930000000028450000005000000000597459
001000020000000000000012936080000000000305023098930000000028450000005000000000597459
001000020000000000000012935980000000000305023098930000000028450000005000000000597459
001000020000000000000012935880000000000305023098930000000028450000005000000000597459
001000020000000000000012935780000000000305023098930000000028450000005000000000597459
001000020000000000000012935680000000000305023098930000000028450000005000000000597459
001000020000000000000012935580000000000305023098930000000028450000005000000000597459
001000020000000000000012935480000000000305023098930000000028450000005000000000597459
001000020000000000000012935380000000000305023098930000000028450000005000000000597459
001000020000000000000012935280000000000305023098930000000028450000005000000000597459
001000020000000000000012935180000000000305023098930000000028450000005000000000597459
001000020000000000000012935080000000000305023098930000000028450000005000000000597459
001000020000000000000012934980000000000305023098930000000028450000005000000000597459
001000020000000000000012934880000000000305023098930000000028450000005000000000597459
001000020000000000000012934780000000000305023098930000000028450000005000000000597459
001000010000000000000012316780000000000271384307020000000028457000005000000000597615
001000010000000000000012316680000000000271384307020000000028709000005000000000602908
001000010000000000000012316580000000000271384307020000000027256000005000000000572378
001000010000000000000012316480000000000271384307020000000028819000005000000000605220
001000010000000000000012316380000000000271384307020000000025677000005000000000539230
001000010000000000000012316280000000000271384307020000000028871000005000000000606302
001000010000000000000012316180000000000271384307020000000028900000005000000000606909
001000090000000000000012289880000000000336825712390000000027630000005000000000580240
001000020000000000000012289780000000000336825712390000000027927000005000000000586476
001000090000000000000012289680000000000336825712390000000026840000005000000000563647
001000090000000000000012289580000000000336825712390000000027085000005000000000568791
001000090000000000000012289480000000000336825712390000000027052000005000000000568096
001000090000000000000012289380000000000336825712390000000026835000005000000000563535
001000090000000000000012289280000000000336825712390000000028022000005000000000588482
001000090000000000000012289180000000000336825712390000000027393000005000000000575271
001000090000000000000012289080000000000336825712390000000027935000005000000000586651
001000090000000000000012288980000000000336825712390000000024489000005000000000514282
001000090000000000000012288880000000000336825712390000000026820000005000000000563239
001000090000000000000012288780000000000336825712390000000027646000005000000000580572
001000090000000000000012288680000000000336825712390000000028042000005000000000588888
001000090000000000000012288580000000000336825712390000000028099000005000000000590083
001000090000000000000012288480000000000336825712390000000027908000005000000000586086
001000090000000000000012288380000000000336825712390000000028977000005000000000608522
001000090000000000000012288280000000000336825712390000000027520000005000000000577940
001000040000000000000013764580000000000306181414340000000028773000005000000000604241
001000040000000000000013764480000000000306181414340000000028810000005000000000605021
001000040000000000000013764380000000000306181414340000000028891000005000000000606726
001000040000000000000013764280000000000306181414340000000028845000005000000000605749
001000040000000000000013764180000000000306181414340000000020422000005000000000428866
001000010000000000000000639380000000000307174547380000000017396000005000000000365332
001000100000000000000000083280000000000307174547380000000031074000005000000000652557
001000030000000000000001117880000000000307150641770000000125227000005000000002629781
001000040000000000000002254480000000000305867539120000000001790000005000000000037594
001000040000000000000002242580000000000305867539120000000003122000005000000000065567
001000070000000000000000248680000000000305622972900000000027036000005000000000567756
001000010000000000000000630180000000000307174547380000000031087000005000000000652843
001000010000000000000000629780000000000307174547380000000019708000005000000000413882
001000010000000000000000009780000000000307176045000000000696380000004000000007311991
001000060000000000000001337180000000000307108378600000000031763000005000000000667023
001000030000000000000001181580000000000307094083520000000004710000005000000000098926
001001110000000000000001278980000000000307112344260000000426203000005000000008950278
001000080000000000000000647880000000000201085632070000000042396000005000000000890330
001000060000000000000000178180000000000307119521320000000114049000005000000002395041
001000090000000000000000233980000000000305620331610000000085704000005000000001799795
001001420000000000000001475880000000000306650743540000000010294000005000000000216180
001000120000000000000000450480000000000201202813570000000083471000005000000001752892
001000020000000000000000021880000000000201713008600000000540000000005000000011340000
001024660000000000000059495180000000000306788143570000000024745000003000000000668115
001024660000000000000059484680000000000306788143570000000001584000005000000000033264
001024660000000000000059484680000000000306788143570000000010605000003000000000286335
001000010000000000000012316080000000000271384307020000000028904000005000000000606989
001000010000000000000012315980000000000271384307020000000028925000005000000000607441
001000010000000000000012315880000000000271384307020000000028218000005000000000592596
001000010000000000000012315780000000000271384307020000000028047000005000000000589000
001000010000000000000012315680000000000271384307020000000028849000005000000000605841
001000010000000000000012315580000000000271384307020000000028779000005000000000604363
001000010000000000000012315480000000000271384307020000000028707000005000000000602847
001000010000000000000012315380000000000271384307020000000026462000005000000000555712
001000010000000000000012315280000000000271384307020000000028816000005000000000605140
001000010000000000000012315180000000000271384307020000000028126000005000000000590649
001000010000000000000012315080000000000271384307020000000028734000005000000000603421
001000010000000000000012314980000000000271384307020000000027509000005000000000577698
001000010000000000000012314880000000000271384307020000000028583000005000000000600252
001000010000000000000012314780000000000271384307020000000023580000005000000000495183
001000010000000000000012314680000000000271384307020000000028966000005000000000608295
001000010000000000000012314580000000000271384307020000000028973000005000000000608435
001000010000000000000012314480000000000271384307020000000028877000005000000000606419
001000010000000000000012314380000000000271384307020000000028759000005000000000603954
001000010000000000000012314280000000000271384307020000000026553000005000000000557627
001000010000000000000012314180000000000271384307020000000028967000005000000000608322
001000010000000000000012314080000000000271384307020000000028267000005000000000593610
001000010000000000000012313980000000000271384307020000000028226000005000000000592764
001000040000000000000013764080000000000306181414340000000028856000005000000000605993
001000040000000000000013763980000000000306181414340000000028701000005000000000602740
001000040000000000000013763880000000000306181414340000000028805000005000000000604922
001000040000000000000013763780000000000306181414340000000028416000005000000000596756
001000040000000000000013763680000000000306181414340000000028300000005000000000594320
001000040000000000000013763580000000000306181414340000000028930000005000000000607549
001000040000000000000013763480000000000306181414340000000028827000005000000000605374
001000040000000000000013763380000000000306181414340000000028461000005000000000597687
001000040000000000000013763280000000000306181414340000000028887000005000000000606640
001000040000000000000013763180000000000306181414340000000027287000005000000000573040
001000040000000000000013763080000000000306181414340000000028952000005000000000607994
001000040000000000000013762980000000000306181414340000000027609000005000000000579796
001000040000000000000013762880000000000306181414340000000028249000005000000000593250
001000040000000000000013762780000000000306181414340000000028082000005000000000589739
001000040000000000000013762680000000000306181414340000000028738000005000000000603499
001000040000000000000013762580000000000306181414340000000028461000005000000000597682
001000040000000000000013762480000000000306181414340000000028882000005000000000606527
001000040000000000000013762380000000000306181414340000000028662000005000000000601913
001000040000000000000013762280000000000306181414340000000028465000005000000000597785
001000040000000000000013762180000000000306181414340000000028526000005000000000599063
001000040000000000000013762080000000000306181414340000000028607000005000000000600751
001000040000000000000013761980000000000306181414340000000028794000005000000000604687
001000010000000000000012313880000000000271384307020000000028695000005000000000602614
001000010000000000000012313780000000000271384307020000000024034000005000000000504720
001000010000000000000012313680000000000271384307020000000028881000005000000000606506
001000010000000000000012313580000000000271384307020000000026071000005000000000547491
001000010000000000000012313480000000000271384307020000000028694000005000000000602578
001000010000000000000012313380000000000271384307020000000028413000005000000000596676
001000010000000000000012313280000000000271384307020000000028915000005000000000607232
001000010000000000000012313180000000000271384307020000000028937000005000000000607680
001000010000000000000012313080000000000271384307020000000028864000005000000000606153
001000010000000000000012312980000000000271384307020000000028881000005000000000606501
001000010000000000000012312880000000000271384307020000000028895000005000000000606806
001000010000000000000012312780000000000271384307020000000028580000005000000000600186
001000010000000000000012312680000000000271384307020000000028610000005000000000600821
001000010000000000000012312580000000000271384307020000000028991000005000000000608827
001000010000000000000012312480000000000271384307020000000028665000005000000000601974
001000030000000000000018865680000000000306144766600000000028327000005000000000594871
001000030000000000000018865580000000000306144766600000000028236000005000000000592956
001000030000000000000018865480000000000306144766600000000029273000005000000000614741
001000030000000000000018865380000000000306144766600000000029713000005000000000623975
001000030000000000000018865280000000000306144766600000000029812000005000000000626056
001000030000000000000018865180000000000306144766600000000028479000005000000000598078
001000030000000000000018865080000000000306144766600000000029073000005000000000610546
001000040000000000000013761880000000000306181414340000000028863000005000000000606129
001000040000000000000013761780000000000306181414340000000028519000005000000000598915
001000040000000000000013761680000000000306181414340000000028620000005000000000601028
001000010000000000000013182680000000000337090959490000000027810000005000000000584026
001000010000000000000013182580000000000337090959490000000028878000005000000000606440
001000010000000000000013182480000000000337090959490000000028878000005000000000606440
001000010000000000000013182380000000000337090959490000000028147000005000000000591101
001000010000000000000013182280000000000337090959490000000028578000005000000000600157
001000010000000000000013182180000000000337090959490000000029330000005000000000615948
001000010000000000000013182080000000000337090959490000000028616000005000000000600937
001000010000000000000013181980000000000337090959490000000027970000005000000000587382
001000010000000000000013181880000000000337090959490000000028961000005000000000608194
001000010000000000000013181780000000000337090959490000000027888000005000000000585666
001000010000000000000013181680000000000337090959490000000028594000005000000000600478
001000010000000000000013181580000000000337090959490000000028594000005000000000600478
001000010000000000000013181480000000000337090959490000000028887000005000000000606628
001000010000000000000013181380000000000337090959490000000028415000005000000000596717
001000010000000000000013181280000000000337090959490000000027495000005000000000577406
001000010000000000000013181180000000000337090959490000000027741000005000000000582568
001000010000000000000013181080000000000337090959490000000027741000005000000000582568
001000010000000000000013180980000000000337090959490000000028525000005000000000599032
001000010000000000000013180880000000000337090959490000000028980000005000000000608584
001000030000000000000018864980000000000306144766600000000028151000005000000000591180
001000030000000000000018864880000000000306144766600000000029387000005000000000617135
001000030000000000000018864780000000000306144766600000000028412000005000000000596665
001000030000000000000018864680000000000306144766600000000029374000005000000000616869
001000030000000000000018864580000000000306144766600000000028886000005000000000606610
001000030000000000000018864480000000000306144766600000000028794000005000000000604687
001000030000000000000018864380000000000306144766600000000024982000005000000000524638
001000030000000000000018864280000000000306144766600000000028553000005000000000599617
001000030000000000000018864180000000000306144766600000000028092000005000000000589946
001000030000000000000018864080000000000306144766600000000028527000005000000000599085
001000030000000000000018863980000000000306144766600000000028092000005000000000589946
001000030000000000000018863880000000000306144766600000000028853000005000000000605921
001000030000000000000018863780000000000306144766600000000028793000005000000000604668
001000030000000000000018863680000000000306144766600000000028351000005000000000595380
001000030000000000000018863580000000000306144766600000000028200000005000000000592204
001000030000000000000018863480000000000306144766600000000029358000005000000000616518
001000030000000000000018863380000000000306144766600000000028412000005000000000596665
001000030000000000000018863280000000000306144766600000000028124000005000000000590621
001000030000000000000018863180000000000306144766600000000028840000005000000000605640
001000030000000000000018863080000000000306144766600000000028136000005000000000590858
001000030000000000000018862980000000000306144766600000000028016000005000000000588347
001000030000000000000018862880000000000306144766600000000028587000005000000000600331
001000010000000000000013180780000000000337090959490000000028024000005000000000588522
001000010000000000000013180680000000000337090959490000000028072000005000000000589512
001000010000000000000013180580000000000337090959490000000028095000005000000000590010
001000010000000000000013180480000000000337090959490000000028134000005000000000590822
001000010000000000000013180380000000000337090959490000000027825000005000000000584333
001000010000000000000013180280000000000337090959490000000027703000005000000000581783
001000010000000000000013180180000000000337090959490000000029592000005000000000621432
001000010000000000000013180080000000000337090959490000000028592000005000000000600452
001000010000000000000013179980000000000337090959490000000026110000005000000000548326
001000010000000000000013179880000000000337090959490000000028213000005000000000592475
001000010000000000000013179780000000000337090959490000000028117000005000000000590461
001000010000000000000013179680000000000337090959490000000029009000005000000000609197
001000010000000000000013179580000000000337090959490000000028533000005000000000599197
001000010000000000000013179480000000000337090959490000000028518000005000000000598891
001000010000000000000013179380000000000337090959490000000028495000005000000000598399
001000010000000000000013179280000000000337090959490000000028460000005000000000597661
001000010000000000000013179180000000000337090959490000000028599000005000000000600592
001000010000000000000013179080000000000337090959490000000028267000005000000000593607
001000010000000000000013178980000000000337090959490000000028470000005000000000597874
001000010000000000000013178880000000000337090959490000000028418000005000000000596779
001000010000000000000015582680000000000306631168740000000027560000005000000000578775
001000010000000000000015582580000000000306631168740000000027659000005000000000580840
001000100000000000000000081680000000000307174547380000000006680000005000000000140298
001000030000000000000018862780000000000306144766600000000028412000005000000000596665
001000030000000000000018862680000000000306144766600000000028840000005000000000605651
001000030000000000000018862580000000000306144766600000000028842000005000000000605687
001000030000000000000018862480000000000306144766600000000028391000005000000000596212
001000030000000000000018862380000000000306144766600000000028200000005000000000592204
001000030000000000000018862280000000000306144766600000000028091000005000000000589916
001000030000000000000018862180000000000306144766600000000028648000005000000000601621
001000030000000000000018862080000000000306144766600000000028748000005000000000603714
001000030000000000000018861980000000000306144766600000000029103000005000000000611180
001000030000000000000018861880000000000306144766600000000028748000005000000000603714
001000030000000000000018861780000000000306144766600000000028121000005000000000590554
001000030000000000000018861680000000000306144766600000000028256000005000000000593385
001000030000000000000018861580000000000306144766600000000028121000005000000000590554
001000030000000000000018861480000000000306144766600000000028262000005000000000593504
001000030000000000000018861380000000000306144766600000000028499000005000000000598487
001000030000000000000018861280000000000306144766600000000028008000005000000000588189
001000030000000000000018861180000000000306144766600000000028923000005000000000607400
001000010000000000000015582480000000000306631168740000000028712000005000000000602959
001000010000000000000015582380000000000306631168740000000027611000005000000000579844
001000010000000000000015582280000000000306631168740000000026054000005000000000547141
001000010000000000000015582180000000000306631168740000000027913000005000000000586192
001000010000000000000015582080000000000306631168740000000028301000005000000000594321
001000010000000000000015581980000000000306631168740000000027115000005000000000569424
001000010000000000000015581880000000000306631168740000000028671000005000000000602100
001000010000000000000015581780000000000306631168740000000027330000005000000000573933
001000010000000000000015581680000000000306631168740000000027443000005000000000576308
001000010000000000000015581580000000000306631168740000000027666000005000000000581004
001000010000000000000015581480000000000306631168740000000028534000005000000000599223
001000010000000000000015581380000000000306631168740000000027524000005000000000578020
001000010000000000000015581280000000000306631168740000000028869000005000000000606269
001000010000000000000015581180000000000306631168740000000027974000005000000000587469
001000010000000000000015581080000000000306631168740000000028260000005000000000593480
001000010000000000000015580980000000000306631168740000000028862000005000000000606107
001000010000000000000015580880000000000306631168740000000028459000005000000000597655
001000010000000000000015580780000000000306631168740000000027378000005000000000574951
001000010000000000000015580680000000000306631168740000000028613000005000000000600877
001000010000000000000015580580000000000306631168740000000028957000005000000000608110
001000010000000000000015580480000000000306631168740000000028678000005000000000602258
001000010000000000000015580380000000000306631168740000000028717000005000000000603066
001000010000000000000015578780000000000306631168740000000028121000005000000000590554
001000090000000000000012289780000000000336825712390000000027927000005000000000586476
001000010000000000000000845580000000000337160259990000000064334000005000000001351017
001000010000000000000000852080000000000337160259990000000004454000005000000000093537
001000010000000000000001136980000000000201017717500000000007933000005000000000166611
001000010000000000000015580280000000000306631168740000000027485000005000000000577187
001000010000000000000015580180000000000306631168740000000028836000005000000000605566
001000010000000000000015580080000000000306631168740000000027648000005000000000580613
001000010000000000000015579980000000000306631168740000000028779000005000000000604370
001000010000000000000015579880000000000306631168740000000027899000005000000000585885
001000010000000000000015579780000000000306631168740000000028029000005000000000588629
001000010000000000000015579680000000000306631168740000000027741000005000000000582574
001000010000000000000015579580000000000306631168740000000028792000005000000000604637
001000010000000000000015579480000000000306631168740000000028835000005000000000605552
001000010000000000000015579380000000000306631168740000000028598000005000000000600569
001000010000000000000015579280000000000306631168740000000028686000005000000000602417
001000010000000000000015579180000000000306631168740000000027925000005000000000586439
001000010000000000000015579080000000000306631168740000000028876000005000000000606396
001000010000000000000015578980000000000306631168740000000028121000005000000000590554
001000010000000000000015578880000000000306631168740000000027272000005000000000572728
001000010000000000000015578680000000000306631168740000000028902000005000000000606943
001000010000000000000015578580000000000306631168740000000027400000005000000000575420
001000010000000000000013287880000000000306864893250000000027653000005000000000580729
001000010000000000000013287780000000000306864893250000000027671000005000000000581110
001000010000000000000013287680000000000306864893250000000027671000005000000000581110
001000010000000000000013287580000000000306864893250000000027671000005000000000581110
001000010000000000000013287480000000000306864893250000000027671000005000000000581110
001000010000000000000013287380000000000306864893250000000027671000005000000000581110
001000010000000000000013287280000000000306864893250000000027671000005000000000581110
001000010000000000000013287180000000000306864893250000000027671000005000000000581110
001000010000000000000013287080000000000306864893250000000027671000005000000000581110
001000010000000000000013286980000000000306864893250000000027671000005000000000581110
001000010000000000000013286880000000000306864893250000000027671000005000000000581110
001000010000000000000013286780000000000306864893250000000027671000005000000000581110
001000010000000000000013286680000000000306864893250000000027671000005000000000581110
001000010000000000000013286580000000000306864893250000000027671000005000000000581110
001000010000000000000013286480000000000306864893250000000027671000005000000000581110
001000010000000000000013286380000000000306864893250000000027671000005000000000581110
001000010000000000000013286280000000000306864893250000000027671000005000000000581110
001000010000000000000013286180000000000306864893250000000027671000005000000000581110
001000010000000000000013286080000000000306864893250000000027671000005000000000581110
001000010000000000000013285980000000000306864893250000000027671000005000000000581110
001000010000000000000013285880000000000306864893250000000027671000005000000000581110
001000010000000000000013285780000000000306864893250000000027671000005000000000581110
001000010000000000000013285680000000000306864893250000000027671000005000000000581110
001000010000000000000013285580000000000306864893250000000027671000005000000000581110
001000010000000000000013285480000000000306864893250000000027671000005000000000581110
001000010000000000000013285380000000000306864893250000000027671000005000000000581110
001000010000000000000013285280000000000306864893250000000027671000005000000000581110
001000010000000000000013285180000000000306864893250000000027671000005000000000581110
001000010000000000000013285080000000000306864893250000000027671000005000000000581110
001000010000000000000013284980000000000306864893250000000027671000005000000000581110
001000010000000000000013284880000000000306864893250000000027671000005000000000581110
001000010000000000000013284780000000000306864893250000000027671000005000000000581110
001000010000000000000013284680000000000306864893250000000027671000005000000000581110
001000010000000000000013284580000000000306864893250000000027671000005000000000581110
